 -5.0000     0.001956		-0.049399		0.998777		0.049438
 -4.9833     0.000417		-0.050957		0.998701		0.050959
 -4.9666     -0.001219		-0.052493		0.998621		0.052507
 -4.9499     -0.002952		-0.054003		0.998536		0.054083
 -4.9332     -0.004783		-0.055482		0.998448		0.055687
 -4.9165     -0.006713		-0.056925		0.998356		0.057320
 -4.8998     -0.008742		-0.058329		0.998259		0.058980
 -4.8831     -0.010871		-0.059687		0.998158		0.060669
 -4.8664     -0.013099		-0.060995		0.998052		0.062386
 -4.8497     -0.015426		-0.062248		0.997941		0.064131
 -4.8331     -0.017852		-0.063441		0.997826		0.065905
 -4.8164     -0.020376		-0.064569		0.997705		0.067707
 -4.7997     -0.022997		-0.065626		0.997579		0.069538
 -4.7830     -0.025714		-0.066607		0.997448		0.071398
 -4.7663     -0.028526		-0.067507		0.997311		0.073286
 -4.7496     -0.031431		-0.068320		0.997168		0.075203
 -4.7329     -0.034427		-0.069042		0.997020		0.077149
 -4.7162     -0.037511		-0.069667		0.996865		0.079124
 -4.6995     -0.040682		-0.070189		0.996704		0.081127
 -4.6828     -0.043937		-0.070604		0.996536		0.083159
 -4.6661     -0.047273		-0.070906		0.996362		0.085220
 -4.6494     -0.050686		-0.071090		0.996181		0.087309
 -4.6327     -0.054174		-0.071151		0.995993		0.089427
 -4.6160     -0.057732		-0.071084		0.995798		0.091574
 -4.5993     -0.061356		-0.070883		0.995596		0.093749
 -4.5826     -0.065042		-0.070545		0.995386		0.095953
 -4.5659     -0.068785		-0.070064		0.995168		0.098185
 -4.5492     -0.072581		-0.069436		0.994943		0.100446
 -4.5326     -0.076425		-0.068656		0.994709		0.102735
 -4.5159     -0.080311		-0.067720		0.994467		0.105052
 -4.4992     -0.084234		-0.066624		0.994216		0.107397
 -4.4825     -0.088187		-0.065364		0.993957		0.109769
 -4.4658     -0.092165		-0.063936		0.993689		0.112170
 -4.4491     -0.096161		-0.062336		0.993412		0.114598
 -4.4324     -0.100169		-0.060562		0.993126		0.117054
 -4.4157     -0.104182		-0.058611		0.992830		0.119537
 -4.3990     -0.108192		-0.056479		0.992524		0.122047
 -4.3823     -0.112194		-0.054163		0.992209		0.124584
 -4.3656     -0.116178		-0.051663		0.991884		0.127147
 -4.3489     -0.120139		-0.048975		0.991548		0.129738
 -4.3322     -0.124067		-0.046098		0.991202		0.132354
 -4.3155     -0.127956		-0.043030		0.990846		0.134997
 -4.2988     -0.131796		-0.039771		0.990479		0.137666
 -4.2821     -0.135579		-0.036319		0.990101		0.140360
 -4.2654     -0.139298		-0.032674		0.989711		0.143079
 -4.2487     -0.142944		-0.028837		0.989311		0.145824
 -4.2321     -0.146508		-0.024807		0.988898		0.148593
 -4.2154     -0.149981		-0.020585		0.988475		0.151387
 -4.1987     -0.153355		-0.016172		0.988039		0.154205
 -4.1820     -0.156620		-0.011570		0.987591		0.157047
 -4.1653     -0.159769		-0.006779		0.987131		0.159913
 -4.1486     -0.162792		-0.001803		0.986659		0.162802
 -4.1319     -0.165680		0.003356		0.986174		0.165714
 -4.1152     -0.168424		0.008695		0.985676		0.168648
 -4.0985     -0.171015		0.014211		0.985166		0.171605
 -4.0818     -0.173445		0.019900		0.984642		0.174583
 -4.0651     -0.175705		0.025758		0.984106		0.177583
 -4.0484     -0.177786		0.031780		0.983556		0.180604
 -4.0317     -0.179680		0.037962		0.982992		0.183646
 -4.0150     -0.181377		0.044298		0.982415		0.186708
 -3.9983     -0.182870		0.050781		0.981825		0.189790
 -3.9816     -0.184151		0.057407		0.981220		0.192892
 -3.9649     -0.185211		0.064168		0.980601		0.196012
 -3.9482     -0.186043		0.071058		0.979969		0.199151
 -3.9316     -0.186639		0.078068		0.979322		0.202309
 -3.9149     -0.186992		0.085192		0.978660		0.205484
 -3.8982     -0.187094		0.092421		0.977985		0.208676
 -3.8815     -0.186939		0.099746		0.977295		0.211885
 -3.8648     -0.186520		0.107159		0.976590		0.215111
 -3.8481     -0.185831		0.114650		0.975870		0.218352
 -3.8314     -0.184865		0.122211		0.975136		0.221609
 -3.8147     -0.183617		0.129830		0.974386		0.224880
 -3.7980     -0.182083		0.137498		0.973622		0.228166
 -3.7813     -0.180256		0.145204		0.972843		0.231466
 -3.7646     -0.178133		0.152937		0.972049		0.234779
 -3.7479     -0.175709		0.160687		0.971239		0.238105
 -3.7312     -0.172980		0.168441		0.970415		0.241443
 -3.7145     -0.169944		0.176189		0.969575		0.244793
 -3.6978     -0.166597		0.183917		0.968721		0.248154
 -3.6811     -0.162938		0.191615		0.967851		0.251525
 -3.6644     -0.158963		0.199269		0.966966		0.254907
 -3.6477     -0.154672		0.206868		0.966065		0.258298
 -3.6311     -0.150064		0.214399		0.965150		0.261698
 -3.6144     -0.145138		0.221848		0.964219		0.265107
 -3.5977     -0.139895		0.229204		0.963273		0.268524
 -3.5810     -0.134334		0.236452		0.962312		0.271947
 -3.5643     -0.128458		0.243581		0.961336		0.275378
 -3.5476     -0.122267		0.250576		0.960345		0.278814
 -3.5309     -0.115765		0.257424		0.959339		0.282256
 -3.5142     -0.108953		0.264113		0.958318		0.285704
 -3.4975     -0.101836		0.270629		0.957282		0.289155
 -3.4808     -0.094416		0.276959		0.956232		0.292610
 -3.4641     -0.086699		0.283090		0.955167		0.296069
 -3.4474     -0.078689		0.289009		0.954087		0.299530
 -3.4307     -0.070393		0.294702		0.952993		0.302993
 -3.4140     -0.061815		0.300158		0.951884		0.306457
 -3.3973     -0.052963		0.305364		0.950762		0.309922
 -3.3806     -0.043844		0.310306		0.949625		0.313388
 -3.3639     -0.034465		0.314973		0.948475		0.316853
 -3.3472     -0.024836		0.319353		0.947310		0.320317
 -3.3306     -0.014964		0.323434		0.946132		0.323780
 -3.3139     -0.004860		0.327204		0.944941		0.327240
 -3.2972     0.005468		0.330653		0.943737		0.330698
 -3.2805     0.016008		0.333769		0.942519		0.334152
 -3.2638     0.026749		0.336541		0.941289		0.337603
 -3.2471     0.037681		0.338961		0.940046		0.341049
 -3.2304     0.048791		0.341017		0.938790		0.344489
 -3.2137     0.060067		0.342700		0.937523		0.347925
 -3.1970     0.071496		0.344002		0.936243		0.351353
 -3.1803     0.083066		0.344914		0.934952		0.354775
 -3.1636     0.094761		0.345428		0.933649		0.358190
 -3.1469     0.106569		0.345536		0.932335		0.361597
 -3.1302     0.118475		0.345231		0.931010		0.364995
 -3.1135     0.130464		0.344508		0.929674		0.368383
 -3.0968     0.142521		0.343359		0.928328		0.371763
 -3.0801     0.154631		0.341779		0.926972		0.375132
 -3.0634     0.166777		0.339765		0.925605		0.378490
 -3.0467     0.178945		0.337310		0.924230		0.381837
 -3.0301     0.191117		0.334413		0.922845		0.385172
 -3.0134     0.203277		0.331069		0.921451		0.388495
 -2.9967     0.215408		0.327276		0.920049		0.391804
 -2.9800     0.227494		0.323034		0.918638		0.395100
 -2.9633     0.239517		0.318340		0.917219		0.398383
 -2.9466     0.251461		0.313194		0.915793		0.401651
 -2.9299     0.263308		0.307597		0.914359		0.404903
 -2.9132     0.275041		0.301549		0.912919		0.408141
 -2.8965     0.286641		0.295052		0.911472		0.411362
 -2.8798     0.298093		0.288108		0.910019		0.414567
 -2.8631     0.309379		0.280721		0.908560		0.417755
 -2.8464     0.320480		0.272894		0.907095		0.420926
 -2.8297     0.331381		0.264631		0.905625		0.424079
 -2.8130     0.342063		0.255938		0.904151		0.427214
 -2.7963     0.352510		0.246820		0.902672		0.430330
 -2.7796     0.362705		0.237284		0.901189		0.433426
 -2.7629     0.372631		0.227336		0.899703		0.436504
 -2.7462     0.382271		0.216985		0.898213		0.439561
 -2.7295     0.391609		0.206239		0.896720		0.442598
 -2.7129     0.400630		0.195108		0.895225		0.445614
 -2.6962     0.409317		0.183600		0.893728		0.448608
 -2.6795     0.417655		0.171727		0.892230		0.451582
 -2.6628     0.425629		0.159500		0.890730		0.454533
 -2.6461     0.433224		0.146929		0.889229		0.457462
 -2.6294     0.440427		0.134029		0.887728		0.460369
 -2.6127     0.447222		0.120811		0.886227		0.463252
 -2.5960     0.453597		0.107289		0.884726		0.466112
 -2.5793     0.459538		0.093477		0.883225		0.468949
 -2.5626     0.465034		0.079389		0.881726		0.471762
 -2.5459     0.470071		0.065042		0.880229		0.474550
 -2.5292     0.474640		0.050449		0.878733		0.477314
 -2.5125     0.478729		0.035629		0.877240		0.480053
 -2.4958     0.482327		0.020596		0.875749		0.482767
 -2.4791     0.485426		0.005369		0.874261		0.485456
 -2.4624     0.488015		-0.010036		0.872777		0.488119
 -2.4457     0.490088		-0.025601		0.871297		0.490756
 -2.4290     0.491635		-0.041307		0.869821		0.493367
 -2.4124     0.492650		-0.057136		0.868350		0.495952
 -2.3957     0.493127		-0.073069		0.866884		0.498511
 -2.3790     0.493059		-0.089087		0.865423		0.501043
 -2.3623     0.492442		-0.105170		0.863968		0.503548
 -2.3456     0.491272		-0.121299		0.862519		0.506026
 -2.3289     0.489545		-0.137454		0.861076		0.508476
 -2.3122     0.487259		-0.153615		0.859640		0.510900
 -2.2955     0.484410		-0.169762		0.858212		0.513296
 -2.2788     0.480999		-0.185874		0.856791		0.515664
 -2.2621     0.477025		-0.201931		0.855378		0.518005
 -2.2454     0.472487		-0.217913		0.853973		0.520317
 -2.2287     0.467387		-0.233799		0.852577		0.522602
 -2.2120     0.461727		-0.249568		0.851189		0.524859
 -2.1953     0.455510		-0.265201		0.849811		0.527087
 -2.1786     0.448738		-0.280676		0.848443		0.529287
 -2.1619     0.441417		-0.295974		0.847084		0.531459
 -2.1452     0.433550		-0.311074		0.845735		0.533603
 -2.1285     0.425143		-0.325956		0.844397		0.535718
 -2.1119     0.416204		-0.340601		0.843069		0.537805
 -2.0952     0.406738		-0.354989		0.841752		0.539864
 -2.0785     0.396755		-0.369099		0.840447		0.541894
 -2.0618     0.386262		-0.382915		0.839153		0.543895
 -2.0451     0.375270		-0.396415		0.837871		0.545868
 -2.0284     0.363788		-0.409582		0.836601		0.547813
 -2.0117     0.351826		-0.422399		0.835343		0.549729
 -1.9950     0.339397		-0.434846		0.834097		0.551617
 -1.9783     0.326513		-0.446907		0.832865		0.553477
 -1.9616     0.313186		-0.458564		0.831645		0.555308
 -1.9449     0.299431		-0.469802		0.830438		0.557111
 -1.9282     0.285260		-0.480604		0.829245		0.558885
 -1.9115     0.270688		-0.490954		0.828065		0.560632
 -1.8948     0.255732		-0.500839		0.826899		0.562351
 -1.8781     0.240406		-0.510243		0.825746		0.564041
 -1.8614     0.224727		-0.519152		0.824608		0.565704
 -1.8447     0.208712		-0.527554		0.823484		0.567339
 -1.8280     0.192379		-0.535435		0.822374		0.568947
 -1.8114     0.175744		-0.542785		0.821279		0.570527
 -1.7947     0.158827		-0.549590		0.820198		0.572080
 -1.7780     0.141646		-0.555841		0.819132		0.573605
 -1.7613     0.124220		-0.561528		0.818081		0.575104
 -1.7446     0.106569		-0.566641		0.817044		0.576575
 -1.7279     0.088712		-0.571172		0.816023		0.578020
 -1.7112     0.070670		-0.575112		0.815016		0.579438
 -1.6945     0.052462		-0.578456		0.814025		0.580830
 -1.6778     0.034111		-0.581195		0.813049		0.582195
 -1.6611     0.015636		-0.583325		0.812088		0.583534
 -1.6444     -0.002942		-0.584841		0.811143		0.584848
 -1.6277     -0.021600		-0.585738		0.810213		0.586136
 -1.6110     -0.040318		-0.586013		0.809298		0.587398
 -1.5943     -0.059074		-0.585663		0.808399		0.588635
 -1.5776     -0.077846		-0.584688		0.807515		0.589847
 -1.5609     -0.096613		-0.583084		0.806646		0.591034
 -1.5442     -0.115353		-0.580853		0.805793		0.592197
 -1.5275     -0.134044		-0.577995		0.804956		0.593335
 -1.5109     -0.152665		-0.574511		0.804133		0.594449
 -1.4942     -0.171193		-0.570403		0.803326		0.595539
 -1.4775     -0.189608		-0.565674		0.802535		0.596605
 -1.4608     -0.207887		-0.560327		0.801758		0.597648
 -1.4441     -0.226010		-0.554367		0.800997		0.598668
 -1.4274     -0.243955		-0.547799		0.800251		0.599665
 -1.4107     -0.261701		-0.540629		0.799520		0.600639
 -1.3940     -0.279228		-0.532864		0.798804		0.601591
 -1.3773     -0.296515		-0.524509		0.798103		0.602521
 -1.3606     -0.313542		-0.515575		0.797417		0.603429
 -1.3439     -0.330288		-0.506069		0.796746		0.604315
 -1.3272     -0.346735		-0.496001		0.796089		0.605180
 -1.3105     -0.362863		-0.485381		0.795447		0.606024
 -1.2938     -0.378653		-0.474220		0.794819		0.606847
 -1.2771     -0.394087		-0.462529		0.794205		0.607649
 -1.2604     -0.409146		-0.450320		0.793606		0.608432
 -1.2437     -0.423814		-0.437606		0.793021		0.609194
 -1.2270     -0.438072		-0.424401		0.792450		0.609937
 -1.2104     -0.451904		-0.410718		0.791892		0.610661
 -1.1937     -0.465295		-0.396571		0.791349		0.611365
 -1.1770     -0.478227		-0.381975		0.790818		0.612051
 -1.1603     -0.490687		-0.366947		0.790301		0.612718
 -1.1436     -0.502659		-0.351502		0.789798		0.613368
 -1.1269     -0.514130		-0.335657		0.789307		0.613999
 -1.1102     -0.525085		-0.319428		0.788829		0.614613
 -1.0935     -0.535514		-0.302833		0.788364		0.615209
 -1.0768     -0.545402		-0.285889		0.787911		0.615789
 -1.0601     -0.554738		-0.268616		0.787471		0.616352
 -1.0434     -0.563513		-0.251031		0.787043		0.616898
 -1.0267     -0.571714		-0.233154		0.786627		0.617429
 -1.0100     -0.579334		-0.215004		0.786223		0.617943
 -0.9933     -0.586361		-0.196600		0.785830		0.618443
 -0.9766     -0.592790		-0.177962		0.785449		0.618927
 -0.9599     -0.598611		-0.159110		0.785079		0.619396
 -0.9432     -0.603818		-0.140066		0.784720		0.619850
 -0.9265     -0.608405		-0.120848		0.784372		0.620291
 -0.9098     -0.612366		-0.101478		0.784035		0.620717
 -0.8932     -0.615696		-0.081978		0.783708		0.621130
 -0.8765     -0.618392		-0.062367		0.783391		0.621529
 -0.8598     -0.620449		-0.042667		0.783085		0.621915
 -0.8431     -0.621866		-0.022899		0.782788		0.622288
 -0.8264     -0.622641		-0.003084		0.782502		0.622648
 -0.8097     -0.622771		0.016755		0.782224		0.622997
 -0.7930     -0.622258		0.036599		0.781956		0.623333
 -0.7763     -0.621100		0.056426		0.781698		0.623658
 -0.7596     -0.619299		0.076213		0.781448		0.623971
 -0.7429     -0.616856		0.095942		0.781206		0.624273
 -0.7262     -0.613774		0.115589		0.780974		0.624564
 -0.7095     -0.610056		0.135134		0.780750		0.624844
 -0.6928     -0.605706		0.154557		0.780534		0.625114
 -0.6761     -0.600727		0.173836		0.780325		0.625374
 -0.6594     -0.595126		0.192952		0.780125		0.625624
 -0.6427     -0.588907		0.211883		0.779932		0.625864
 -0.6260     -0.582077		0.230609		0.779747		0.626095
 -0.6093     -0.574644		0.249112		0.779569		0.626316
 -0.5927     -0.566614		0.267370		0.779398		0.626529
 -0.5760     -0.557997		0.285365		0.779234		0.626733
 -0.5593     -0.548801		0.303078		0.779077		0.626928
 -0.5426     -0.539036		0.320490		0.778926		0.627115
 -0.5259     -0.528712		0.337583		0.778782		0.627295
 -0.5092     -0.517840		0.354338		0.778644		0.627466
 -0.4925     -0.506431		0.370738		0.778512		0.627630
 -0.4758     -0.494497		0.386766		0.778386		0.627786
 -0.4591     -0.482051		0.402404		0.778266		0.627935
 -0.4424     -0.469105		0.417638		0.778151		0.628077
 -0.4257     -0.455673		0.432449		0.778042		0.628212
 -0.4090     -0.441769		0.446824		0.777939		0.628340
 -0.3923     -0.427408		0.460746		0.777840		0.628462
 -0.3756     -0.412604		0.474202		0.777747		0.628578
 -0.3589     -0.397373		0.487178		0.777658		0.628687
 -0.3422     -0.381731		0.499659		0.777575		0.628790
 -0.3255     -0.365694		0.511633		0.777496		0.628888
 -0.3088     -0.349278		0.523087		0.777422		0.628979
 -0.2922     -0.332501		0.534010		0.777352		0.629066
 -0.2755     -0.315380		0.544390		0.777287		0.629146
 -0.2588     -0.297934		0.554216		0.777226		0.629221
 -0.2421     -0.280179		0.563478		0.777170		0.629291
 -0.2254     -0.262134		0.572167		0.777117		0.629356
 -0.2087     -0.243819		0.580273		0.777069		0.629416
 -0.1920     -0.225251		0.587788		0.777024		0.629470
 -0.1753     -0.206451		0.594705		0.776984		0.629520
 -0.1586     -0.187438		0.601015		0.776948		0.629565
 -0.1419     -0.168231		0.606714		0.776915		0.629606
 -0.1252     -0.148850		0.611794		0.776886		0.629641
 -0.1085     -0.129316		0.616251		0.776861		0.629673
 -0.0918     -0.109648		0.620079		0.776839		0.629699
 -0.0751     -0.089867		0.623276		0.776821		0.629721
 -0.0584     -0.069993		0.625837		0.776807		0.629739
 -0.0417     -0.050046		0.627760		0.776796		0.629752
 -0.0250     -0.030049		0.629044		0.776789		0.629761
 -0.0083     -0.010020		0.629686		0.776785		0.629765
  0.0083     0.010020		0.629686		0.776785		0.629765
  0.0250     0.030049		0.629044		0.776789		0.629761
  0.0417     0.050046		0.627760		0.776796		0.629752
  0.0584     0.069993		0.625837		0.776807		0.629739
  0.0751     0.089867		0.623276		0.776821		0.629721
  0.0918     0.109648		0.620079		0.776839		0.629699
  0.1085     0.129316		0.616251		0.776861		0.629673
  0.1252     0.148850		0.611794		0.776886		0.629641
  0.1419     0.168231		0.606714		0.776915		0.629606
  0.1586     0.187438		0.601015		0.776948		0.629565
  0.1753     0.206451		0.594705		0.776984		0.629520
  0.1920     0.225251		0.587788		0.777024		0.629470
  0.2087     0.243819		0.580273		0.777069		0.629416
  0.2254     0.262134		0.572167		0.777117		0.629356
  0.2421     0.280179		0.563478		0.777170		0.629291
  0.2588     0.297934		0.554216		0.777226		0.629221
  0.2755     0.315380		0.544390		0.777287		0.629146
  0.2922     0.332501		0.534010		0.777352		0.629066
  0.3088     0.349278		0.523087		0.777422		0.628979
  0.3255     0.365694		0.511633		0.777496		0.628888
  0.3422     0.381731		0.499659		0.777575		0.628790
  0.3589     0.397373		0.487178		0.777658		0.628687
  0.3756     0.412604		0.474202		0.777747		0.628578
  0.3923     0.427408		0.460746		0.777840		0.628462
  0.4090     0.441769		0.446824		0.777939		0.628340
  0.4257     0.455673		0.432449		0.778042		0.628212
  0.4424     0.469105		0.417638		0.778151		0.628077
  0.4591     0.482051		0.402404		0.778266		0.627935
  0.4758     0.494497		0.386766		0.778386		0.627786
  0.4925     0.506431		0.370738		0.778512		0.627630
  0.5092     0.517840		0.354338		0.778644		0.627466
  0.5259     0.528712		0.337583		0.778782		0.627295
  0.5426     0.539036		0.320490		0.778926		0.627115
  0.5593     0.548801		0.303078		0.779077		0.626928
  0.5760     0.557997		0.285365		0.779234		0.626733
  0.5927     0.566614		0.267370		0.779398		0.626529
  0.6093     0.574644		0.249112		0.779569		0.626316
  0.6260     0.582077		0.230609		0.779747		0.626095
  0.6427     0.588907		0.211883		0.779932		0.625864
  0.6594     0.595126		0.192952		0.780125		0.625624
  0.6761     0.600727		0.173836		0.780325		0.625374
  0.6928     0.605706		0.154557		0.780534		0.625114
  0.7095     0.610056		0.135134		0.780750		0.624844
  0.7262     0.613774		0.115589		0.780974		0.624564
  0.7429     0.616856		0.095942		0.781206		0.624273
  0.7596     0.619299		0.076213		0.781448		0.623971
  0.7763     0.621100		0.056426		0.781698		0.623658
  0.7930     0.622258		0.036599		0.781956		0.623333
  0.8097     0.622771		0.016755		0.782224		0.622997
  0.8264     0.622641		-0.003084		0.782502		0.622648
  0.8431     0.621866		-0.022899		0.782788		0.622288
  0.8598     0.620449		-0.042667		0.783085		0.621915
  0.8765     0.618392		-0.062367		0.783391		0.621529
  0.8932     0.615696		-0.081978		0.783708		0.621130
  0.9098     0.612366		-0.101478		0.784035		0.620717
  0.9265     0.608405		-0.120848		0.784372		0.620291
  0.9432     0.603818		-0.140066		0.784720		0.619850
  0.9599     0.598611		-0.159110		0.785079		0.619396
  0.9766     0.592790		-0.177962		0.785449		0.618927
  0.9933     0.586361		-0.196600		0.785830		0.618443
  1.0100     0.579334		-0.215004		0.786223		0.617943
  1.0267     0.571714		-0.233154		0.786627		0.617429
  1.0434     0.563513		-0.251031		0.787043		0.616898
  1.0601     0.554738		-0.268616		0.787471		0.616352
  1.0768     0.545402		-0.285889		0.787911		0.615789
  1.0935     0.535514		-0.302833		0.788364		0.615209
  1.1102     0.525085		-0.319428		0.788829		0.614613
  1.1269     0.514130		-0.335657		0.789307		0.613999
  1.1436     0.502659		-0.351502		0.789798		0.613368
  1.1603     0.490687		-0.366947		0.790301		0.612718
  1.1770     0.478227		-0.381975		0.790818		0.612051
  1.1937     0.465295		-0.396571		0.791349		0.611365
  1.2104     0.451904		-0.410718		0.791892		0.610661
  1.2270     0.438072		-0.424401		0.792450		0.609937
  1.2437     0.423814		-0.437606		0.793021		0.609194
  1.2604     0.409146		-0.450320		0.793606		0.608432
  1.2771     0.394087		-0.462529		0.794205		0.607649
  1.2938     0.378653		-0.474220		0.794819		0.606847
  1.3105     0.362863		-0.485381		0.795447		0.606024
  1.3272     0.346735		-0.496001		0.796089		0.605180
  1.3439     0.330288		-0.506069		0.796746		0.604315
  1.3606     0.313542		-0.515575		0.797417		0.603429
  1.3773     0.296515		-0.524509		0.798103		0.602521
  1.3940     0.279228		-0.532864		0.798804		0.601591
  1.4107     0.261701		-0.540629		0.799520		0.600639
  1.4274     0.243955		-0.547799		0.800251		0.599665
  1.4441     0.226010		-0.554367		0.800997		0.598668
  1.4608     0.207887		-0.560327		0.801758		0.597648
  1.4775     0.189608		-0.565674		0.802535		0.596605
  1.4942     0.171193		-0.570403		0.803326		0.595539
  1.5109     0.152665		-0.574511		0.804133		0.594449
  1.5275     0.134044		-0.577995		0.804956		0.593335
  1.5442     0.115353		-0.580853		0.805793		0.592197
  1.5609     0.096613		-0.583084		0.806646		0.591034
  1.5776     0.077846		-0.584688		0.807515		0.589847
  1.5943     0.059074		-0.585663		0.808399		0.588635
  1.6110     0.040318		-0.586013		0.809298		0.587398
  1.6277     0.021600		-0.585738		0.810213		0.586136
  1.6444     0.002942		-0.584841		0.811143		0.584848
  1.6611     -0.015636		-0.583325		0.812088		0.583534
  1.6778     -0.034111		-0.581195		0.813049		0.582195
  1.6945     -0.052462		-0.578456		0.814025		0.580830
  1.7112     -0.070670		-0.575112		0.815016		0.579438
  1.7279     -0.088712		-0.571172		0.816023		0.578020
  1.7446     -0.106569		-0.566641		0.817044		0.576575
  1.7613     -0.124220		-0.561528		0.818081		0.575104
  1.7780     -0.141646		-0.555841		0.819132		0.573605
  1.7947     -0.158827		-0.549590		0.820198		0.572080
  1.8114     -0.175744		-0.542785		0.821279		0.570527
  1.8280     -0.192379		-0.535435		0.822374		0.568947
  1.8447     -0.208712		-0.527554		0.823484		0.567339
  1.8614     -0.224727		-0.519152		0.824608		0.565704
  1.8781     -0.240406		-0.510243		0.825746		0.564041
  1.8948     -0.255732		-0.500839		0.826899		0.562351
  1.9115     -0.270688		-0.490954		0.828065		0.560632
  1.9282     -0.285260		-0.480604		0.829245		0.558885
  1.9449     -0.299431		-0.469802		0.830438		0.557111
  1.9616     -0.313186		-0.458564		0.831645		0.555308
  1.9783     -0.326513		-0.446907		0.832865		0.553477
  1.9950     -0.339397		-0.434846		0.834097		0.551617
  2.0117     -0.351826		-0.422399		0.835343		0.549729
  2.0284     -0.363788		-0.409582		0.836601		0.547813
  2.0451     -0.375270		-0.396415		0.837871		0.545868
  2.0618     -0.386262		-0.382915		0.839153		0.543895
  2.0785     -0.396755		-0.369099		0.840447		0.541894
  2.0952     -0.406738		-0.354989		0.841752		0.539864
  2.1119     -0.416204		-0.340601		0.843069		0.537805
  2.1285     -0.425143		-0.325956		0.844397		0.535718
  2.1452     -0.433550		-0.311074		0.845735		0.533603
  2.1619     -0.441417		-0.295974		0.847084		0.531459
  2.1786     -0.448738		-0.280676		0.848443		0.529287
  2.1953     -0.455510		-0.265201		0.849811		0.527087
  2.2120     -0.461727		-0.249568		0.851189		0.524859
  2.2287     -0.467387		-0.233799		0.852577		0.522602
  2.2454     -0.472487		-0.217913		0.853973		0.520317
  2.2621     -0.477025		-0.201931		0.855378		0.518005
  2.2788     -0.480999		-0.185874		0.856791		0.515664
  2.2955     -0.484410		-0.169762		0.858212		0.513296
  2.3122     -0.487259		-0.153615		0.859640		0.510900
  2.3289     -0.489545		-0.137454		0.861076		0.508476
  2.3456     -0.491272		-0.121299		0.862519		0.506026
  2.3623     -0.492442		-0.105170		0.863968		0.503548
  2.3790     -0.493059		-0.089087		0.865423		0.501043
  2.3957     -0.493127		-0.073069		0.866884		0.498511
  2.4124     -0.492650		-0.057136		0.868350		0.495952
  2.4290     -0.491635		-0.041307		0.869821		0.493367
  2.4457     -0.490088		-0.025601		0.871297		0.490756
  2.4624     -0.488015		-0.010036		0.872777		0.488119
  2.4791     -0.485426		0.005369		0.874261		0.485456
  2.4958     -0.482327		0.020596		0.875749		0.482767
  2.5125     -0.478729		0.035629		0.877240		0.480053
  2.5292     -0.474640		0.050449		0.878733		0.477314
  2.5459     -0.470071		0.065042		0.880229		0.474550
  2.5626     -0.465034		0.079389		0.881726		0.471762
  2.5793     -0.459538		0.093477		0.883225		0.468949
  2.5960     -0.453597		0.107289		0.884726		0.466112
  2.6127     -0.447222		0.120811		0.886227		0.463252
  2.6294     -0.440427		0.134029		0.887728		0.460369
  2.6461     -0.433224		0.146929		0.889229		0.457462
  2.6628     -0.425629		0.159500		0.890730		0.454533
  2.6795     -0.417655		0.171727		0.892230		0.451582
  2.6962     -0.409317		0.183600		0.893728		0.448608
  2.7129     -0.400630		0.195108		0.895225		0.445614
  2.7295     -0.391609		0.206239		0.896720		0.442598
  2.7462     -0.382271		0.216985		0.898213		0.439561
  2.7629     -0.372631		0.227336		0.899703		0.436504
  2.7796     -0.362705		0.237284		0.901189		0.433426
  2.7963     -0.352510		0.246820		0.902672		0.430330
  2.8130     -0.342063		0.255938		0.904151		0.427214
  2.8297     -0.331381		0.264631		0.905625		0.424079
  2.8464     -0.320480		0.272894		0.907095		0.420926
  2.8631     -0.309379		0.280721		0.908560		0.417755
  2.8798     -0.298093		0.288108		0.910019		0.414567
  2.8965     -0.286641		0.295052		0.911472		0.411362
  2.9132     -0.275041		0.301549		0.912919		0.408141
  2.9299     -0.263308		0.307597		0.914359		0.404903
  2.9466     -0.251461		0.313194		0.915793		0.401651
  2.9633     -0.239517		0.318340		0.917219		0.398383
  2.9800     -0.227494		0.323034		0.918638		0.395100
  2.9967     -0.215408		0.327276		0.920049		0.391804
  3.0134     -0.203277		0.331069		0.921451		0.388495
  3.0301     -0.191117		0.334413		0.922845		0.385172
  3.0467     -0.178945		0.337310		0.924230		0.381837
  3.0634     -0.166777		0.339765		0.925605		0.378490
  3.0801     -0.154631		0.341779		0.926972		0.375132
  3.0968     -0.142521		0.343359		0.928328		0.371763
  3.1135     -0.130464		0.344508		0.929674		0.368383
  3.1302     -0.118475		0.345231		0.931010		0.364995
  3.1469     -0.106569		0.345536		0.932335		0.361597
  3.1636     -0.094761		0.345428		0.933649		0.358190
  3.1803     -0.083066		0.344914		0.934952		0.354775
  3.1970     -0.071496		0.344002		0.936243		0.351353
  3.2137     -0.060067		0.342700		0.937523		0.347925
  3.2304     -0.048791		0.341017		0.938790		0.344489
  3.2471     -0.037681		0.338961		0.940046		0.341049
  3.2638     -0.026749		0.336541		0.941289		0.337603
  3.2805     -0.016008		0.333769		0.942519		0.334152
  3.2972     -0.005468		0.330653		0.943737		0.330698
  3.3139     0.004860		0.327204		0.944941		0.327240
  3.3306     0.014964		0.323434		0.946132		0.323780
  3.3472     0.024836		0.319353		0.947310		0.320317
  3.3639     0.034465		0.314973		0.948475		0.316853
  3.3806     0.043844		0.310306		0.949625		0.313388
  3.3973     0.052963		0.305364		0.950762		0.309922
  3.4140     0.061815		0.300158		0.951884		0.306457
  3.4307     0.070393		0.294702		0.952993		0.302993
  3.4474     0.078689		0.289009		0.954087		0.299530
  3.4641     0.086699		0.283090		0.955167		0.296069
  3.4808     0.094416		0.276959		0.956232		0.292610
  3.4975     0.101836		0.270629		0.957282		0.289155
  3.5142     0.108953		0.264113		0.958318		0.285704
  3.5309     0.115765		0.257424		0.959339		0.282256
  3.5476     0.122267		0.250576		0.960345		0.278814
  3.5643     0.128458		0.243581		0.961336		0.275378
  3.5810     0.134334		0.236452		0.962312		0.271947
  3.5977     0.139895		0.229204		0.963273		0.268524
  3.6144     0.145138		0.221848		0.964219		0.265107
  3.6311     0.150064		0.214399		0.965150		0.261698
  3.6477     0.154672		0.206868		0.966065		0.258298
  3.6644     0.158963		0.199269		0.966966		0.254907
  3.6811     0.162938		0.191615		0.967851		0.251525
  3.6978     0.166597		0.183917		0.968721		0.248154
  3.7145     0.169944		0.176189		0.969575		0.244793
  3.7312     0.172980		0.168441		0.970415		0.241443
  3.7479     0.175709		0.160687		0.971239		0.238105
  3.7646     0.178133		0.152937		0.972049		0.234779
  3.7813     0.180256		0.145204		0.972843		0.231466
  3.7980     0.182083		0.137498		0.973622		0.228166
  3.8147     0.183617		0.129830		0.974386		0.224880
  3.8314     0.184865		0.122211		0.975136		0.221609
  3.8481     0.185831		0.114650		0.975870		0.218352
  3.8648     0.186520		0.107159		0.976590		0.215111
  3.8815     0.186939		0.099746		0.977295		0.211885
  3.8982     0.187094		0.092421		0.977985		0.208676
  3.9149     0.186992		0.085192		0.978660		0.205484
  3.9316     0.186639		0.078068		0.979322		0.202309
  3.9482     0.186043		0.071058		0.979969		0.199151
  3.9649     0.185211		0.064168		0.980601		0.196012
  3.9816     0.184151		0.057407		0.981220		0.192892
  3.9983     0.182870		0.050781		0.981825		0.189790
  4.0150     0.181377		0.044298		0.982415		0.186708
  4.0317     0.179680		0.037962		0.982992		0.183646
  4.0484     0.177786		0.031780		0.983556		0.180604
  4.0651     0.175705		0.025758		0.984106		0.177583
  4.0818     0.173445		0.019900		0.984642		0.174583
  4.0985     0.171015		0.014211		0.985166		0.171605
  4.1152     0.168424		0.008695		0.985676		0.168648
  4.1319     0.165680		0.003356		0.986174		0.165714
  4.1486     0.162792		-0.001803		0.986659		0.162802
  4.1653     0.159769		-0.006779		0.987131		0.159913
  4.1820     0.156620		-0.011570		0.987591		0.157047
  4.1987     0.153355		-0.016172		0.988039		0.154205
  4.2154     0.149981		-0.020585		0.988475		0.151387
  4.2321     0.146508		-0.024807		0.988898		0.148593
  4.2487     0.142944		-0.028837		0.989311		0.145824
  4.2654     0.139298		-0.032674		0.989711		0.143079
  4.2821     0.135579		-0.036319		0.990101		0.140360
  4.2988     0.131796		-0.039771		0.990479		0.137666
  4.3155     0.127956		-0.043030		0.990846		0.134997
  4.3322     0.124067		-0.046098		0.991202		0.132354
  4.3489     0.120139		-0.048975		0.991548		0.129738
  4.3656     0.116178		-0.051663		0.991884		0.127147
  4.3823     0.112194		-0.054163		0.992209		0.124584
  4.3990     0.108192		-0.056479		0.992524		0.122047
  4.4157     0.104182		-0.058611		0.992830		0.119537
  4.4324     0.100169		-0.060562		0.993126		0.117054
  4.4491     0.096161		-0.062336		0.993412		0.114598
  4.4658     0.092165		-0.063936		0.993689		0.112170
  4.4825     0.088187		-0.065364		0.993957		0.109769
  4.4992     0.084234		-0.066624		0.994216		0.107397
  4.5159     0.080311		-0.067720		0.994467		0.105052
  4.5326     0.076425		-0.068656		0.994709		0.102735
  4.5492     0.072581		-0.069436		0.994943		0.100446
  4.5659     0.068785		-0.070064		0.995168		0.098185
  4.5826     0.065042		-0.070545		0.995386		0.095953
  4.5993     0.061356		-0.070883		0.995596		0.093749
  4.6160     0.057732		-0.071084		0.995798		0.091574
  4.6327     0.054174		-0.071151		0.995993		0.089427
  4.6494     0.050686		-0.071090		0.996181		0.087309
  4.6661     0.047273		-0.070906		0.996362		0.085220
  4.6828     0.043937		-0.070604		0.996536		0.083159
  4.6995     0.040682		-0.070189		0.996704		0.081127
  4.7162     0.037511		-0.069667		0.996865		0.079124
  4.7329     0.034427		-0.069042		0.997020		0.077149
  4.7496     0.031431		-0.068320		0.997168		0.075203
  4.7663     0.028526		-0.067507		0.997311		0.073286
  4.7830     0.025714		-0.066607		0.997448		0.071398
  4.7997     0.022997		-0.065626		0.997579		0.069538
  4.8164     0.020376		-0.064569		0.997705		0.067707
  4.8331     0.017852		-0.063441		0.997826		0.065905
  4.8497     0.015426		-0.062248		0.997941		0.064131
  4.8664     0.013099		-0.060995		0.998052		0.062386
  4.8831     0.010871		-0.059687		0.998158		0.060669
  4.8998     0.008742		-0.058329		0.998259		0.058980
  4.9165     0.006713		-0.056925		0.998356		0.057320
  4.9332     0.004783		-0.055482		0.998448		0.055687
  4.9499     0.002952		-0.054003		0.998536		0.054083
  4.9666     0.001219		-0.052493		0.998621		0.052507
  4.9833     -0.000417		-0.050957		0.998701		0.050959
  5.0000     -0.001956		-0.049399		0.998777		0.049438
