 -1.0000     -0.421799		-0.142666		0.895395		0.445273
 -0.9967     -0.422766		-0.140015		0.895357		0.445348
 -0.9933     -0.423715		-0.137356		0.895320		0.445423
 -0.9900     -0.424648		-0.134692		0.895283		0.445497
 -0.9866     -0.425563		-0.132020		0.895247		0.445571
 -0.9833     -0.426461		-0.129343		0.895210		0.445644
 -0.9800     -0.427342		-0.126659		0.895174		0.445717
 -0.9766     -0.428205		-0.123969		0.895138		0.445789
 -0.9733     -0.429051		-0.121273		0.895102		0.445861
 -0.9699     -0.429880		-0.118571		0.895066		0.445933
 -0.9666     -0.430691		-0.115864		0.895031		0.446004
 -0.9633     -0.431485		-0.113150		0.894996		0.446074
 -0.9599     -0.432261		-0.110432		0.894961		0.446144
 -0.9566     -0.433020		-0.107708		0.894926		0.446214
 -0.9533     -0.433761		-0.104978		0.894892		0.446283
 -0.9499     -0.434484		-0.102244		0.894857		0.446352
 -0.9466     -0.435190		-0.099504		0.894823		0.446421
 -0.9432     -0.435878		-0.096760		0.894789		0.446488
 -0.9399     -0.436548		-0.094011		0.894756		0.446556
 -0.9366     -0.437201		-0.091257		0.894722		0.446623
 -0.9332     -0.437835		-0.088498		0.894689		0.446690
 -0.9299     -0.438452		-0.085735		0.894656		0.446756
 -0.9265     -0.439051		-0.082968		0.894623		0.446822
 -0.9232     -0.439632		-0.080196		0.894590		0.446887
 -0.9199     -0.440195		-0.077420		0.894558		0.446952
 -0.9165     -0.440741		-0.074641		0.894526		0.447016
 -0.9132     -0.441268		-0.071857		0.894494		0.447080
 -0.9098     -0.441777		-0.069070		0.894462		0.447144
 -0.9065     -0.442269		-0.066279		0.894430		0.447207
 -0.9032     -0.442742		-0.063485		0.894399		0.447270
 -0.8998     -0.443197		-0.060687		0.894368		0.447333
 -0.8965     -0.443634		-0.057886		0.894337		0.447395
 -0.8932     -0.444053		-0.055082		0.894306		0.447456
 -0.8898     -0.444454		-0.052275		0.894275		0.447517
 -0.8865     -0.444836		-0.049464		0.894245		0.447578
 -0.8831     -0.445201		-0.046651		0.894215		0.447639
 -0.8798     -0.445547		-0.043836		0.894185		0.447698
 -0.8765     -0.445875		-0.041018		0.894155		0.447758
 -0.8731     -0.446185		-0.038197		0.894125		0.447817
 -0.8698     -0.446477		-0.035374		0.894096		0.447876
 -0.8664     -0.446750		-0.032549		0.894066		0.447934
 -0.8631     -0.447005		-0.029722		0.894037		0.447992
 -0.8598     -0.447242		-0.026893		0.894009		0.448050
 -0.8564     -0.447461		-0.024062		0.893980		0.448107
 -0.8531     -0.447661		-0.021230		0.893951		0.448164
 -0.8497     -0.447843		-0.018396		0.893923		0.448220
 -0.8464     -0.448006		-0.015560		0.893895		0.448276
 -0.8431     -0.448151		-0.012723		0.893867		0.448332
 -0.8397     -0.448278		-0.009885		0.893839		0.448387
 -0.8364     -0.448387		-0.007046		0.893812		0.448442
 -0.8331     -0.448477		-0.004205		0.893785		0.448497
 -0.8297     -0.448549		-0.001364		0.893757		0.448551
 -0.8264     -0.448602		0.001478		0.893730		0.448604
 -0.8230     -0.448637		0.004320		0.893704		0.448658
 -0.8197     -0.448654		0.007163		0.893677		0.448711
 -0.8164     -0.448652		0.010006		0.893651		0.448763
 -0.8130     -0.448632		0.012850		0.893624		0.448816
 -0.8097     -0.448593		0.015693		0.893598		0.448868
 -0.8063     -0.448536		0.018537		0.893572		0.448919
 -0.8030     -0.448461		0.021381		0.893547		0.448970
 -0.7997     -0.448367		0.024224		0.893521		0.449021
 -0.7963     -0.448255		0.027067		0.893496		0.449072
 -0.7930     -0.448125		0.029909		0.893471		0.449122
 -0.7896     -0.447976		0.032751		0.893446		0.449171
 -0.7863     -0.447809		0.035592		0.893421		0.449221
 -0.7830     -0.447623		0.038433		0.893396		0.449270
 -0.7796     -0.447419		0.041272		0.893372		0.449318
 -0.7763     -0.447197		0.044110		0.893347		0.449367
 -0.7730     -0.446956		0.046947		0.893323		0.449415
 -0.7696     -0.446697		0.049783		0.893299		0.449462
 -0.7663     -0.446419		0.052617		0.893276		0.449510
 -0.7629     -0.446124		0.055450		0.893252		0.449557
 -0.7596     -0.445810		0.058281		0.893228		0.449603
 -0.7563     -0.445477		0.061110		0.893205		0.449649
 -0.7529     -0.445127		0.063938		0.893182		0.449695
 -0.7496     -0.444758		0.066763		0.893159		0.449741
 -0.7462     -0.444371		0.069586		0.893136		0.449786
 -0.7429     -0.443965		0.072407		0.893114		0.449831
 -0.7396     -0.443542		0.075225		0.893091		0.449876
 -0.7362     -0.443100		0.078041		0.893069		0.449920
 -0.7329     -0.442640		0.080854		0.893047		0.449964
 -0.7295     -0.442161		0.083665		0.893025		0.450007
 -0.7262     -0.441665		0.086472		0.893003		0.450050
 -0.7229     -0.441150		0.089277		0.892981		0.450093
 -0.7195     -0.440618		0.092078		0.892960		0.450136
 -0.7162     -0.440067		0.094877		0.892939		0.450178
 -0.7129     -0.439498		0.097671		0.892918		0.450220
 -0.7095     -0.438911		0.100463		0.892897		0.450262
 -0.7062     -0.438306		0.103251		0.892876		0.450303
 -0.7028     -0.437683		0.106035		0.892855		0.450344
 -0.6995     -0.437042		0.108815		0.892834		0.450385
 -0.6962     -0.436383		0.111591		0.892814		0.450425
 -0.6928     -0.435706		0.114363		0.892794		0.450465
 -0.6895     -0.435012		0.117131		0.892774		0.450505
 -0.6861     -0.434299		0.119895		0.892754		0.450545
 -0.6828     -0.433568		0.122654		0.892734		0.450584
 -0.6795     -0.432820		0.125409		0.892715		0.450623
 -0.6761     -0.432054		0.128159		0.892695		0.450661
 -0.6728     -0.431270		0.130905		0.892676		0.450699
 -0.6694     -0.430469		0.133645		0.892657		0.450737
 -0.6661     -0.429649		0.136380		0.892638		0.450775
 -0.6628     -0.428812		0.139111		0.892619		0.450812
 -0.6594     -0.427958		0.141836		0.892600		0.450849
 -0.6561     -0.427085		0.144556		0.892581		0.450886
 -0.6528     -0.426196		0.147270		0.892563		0.450923
 -0.6494     -0.425288		0.149979		0.892545		0.450959
 -0.6461     -0.424364		0.152682		0.892527		0.450995
 -0.6427     -0.423421		0.155379		0.892509		0.451030
 -0.6394     -0.422462		0.158070		0.892491		0.451066
 -0.6361     -0.421485		0.160755		0.892473		0.451101
 -0.6327     -0.420490		0.163435		0.892456		0.451135
 -0.6294     -0.419479		0.166107		0.892438		0.451170
 -0.6260     -0.418450		0.168774		0.892421		0.451204
 -0.6227     -0.417404		0.171434		0.892404		0.451238
 -0.6194     -0.416341		0.174087		0.892387		0.451272
 -0.6160     -0.415260		0.176734		0.892370		0.451305
 -0.6127     -0.414163		0.179374		0.892353		0.451338
 -0.6093     -0.413048		0.182007		0.892336		0.451371
 -0.6060     -0.411917		0.184633		0.892320		0.451403
 -0.6027     -0.410769		0.187252		0.892304		0.451436
 -0.5993     -0.409603		0.189863		0.892288		0.451468
 -0.5960     -0.408421		0.192467		0.892271		0.451499
 -0.5927     -0.407222		0.195064		0.892256		0.451531
 -0.5893     -0.406007		0.197653		0.892240		0.451562
 -0.5860     -0.404774		0.200234		0.892224		0.451593
 -0.5826     -0.403525		0.202808		0.892209		0.451624
 -0.5793     -0.402260		0.205374		0.892193		0.451654
 -0.5760     -0.400978		0.207931		0.892178		0.451684
 -0.5726     -0.399679		0.210481		0.892163		0.451714
 -0.5693     -0.398364		0.213022		0.892148		0.451744
 -0.5659     -0.397033		0.215555		0.892133		0.451773
 -0.5626     -0.395685		0.218079		0.892118		0.451802
 -0.5593     -0.394321		0.220595		0.892104		0.451831
 -0.5559     -0.392941		0.223103		0.892089		0.451860
 -0.5526     -0.391544		0.225601		0.892075		0.451888
 -0.5492     -0.390132		0.228091		0.892060		0.451916
 -0.5459     -0.388703		0.230571		0.892046		0.451944
 -0.5426     -0.387259		0.233043		0.892032		0.451972
 -0.5392     -0.385799		0.235505		0.892018		0.451999
 -0.5359     -0.384322		0.237958		0.892005		0.452026
 -0.5326     -0.382830		0.240402		0.891991		0.452053
 -0.5292     -0.381322		0.242836		0.891977		0.452080
 -0.5259     -0.379799		0.245261		0.891964		0.452106
 -0.5225     -0.378260		0.247676		0.891951		0.452133
 -0.5192     -0.376705		0.250081		0.891938		0.452158
 -0.5159     -0.375135		0.252476		0.891925		0.452184
 -0.5125     -0.373549		0.254861		0.891912		0.452210
 -0.5092     -0.371949		0.257237		0.891899		0.452235
 -0.5058     -0.370332		0.259602		0.891886		0.452260
 -0.5025     -0.368701		0.261956		0.891874		0.452285
 -0.4992     -0.367054		0.264301		0.891861		0.452309
 -0.4958     -0.365393		0.266634		0.891849		0.452334
 -0.4925     -0.363716		0.268958		0.891837		0.452358
 -0.4891     -0.362025		0.271270		0.891824		0.452382
 -0.4858     -0.360318		0.273572		0.891812		0.452405
 -0.4825     -0.358597		0.275863		0.891801		0.452429
 -0.4791     -0.356861		0.278142		0.891789		0.452452
 -0.4758     -0.355110		0.280411		0.891777		0.452475
 -0.4725     -0.353345		0.282669		0.891766		0.452498
 -0.4691     -0.351565		0.284915		0.891754		0.452520
 -0.4658     -0.349771		0.287150		0.891743		0.452543
 -0.4624     -0.347962		0.289374		0.891732		0.452565
 -0.4591     -0.346139		0.291586		0.891720		0.452587
 -0.4558     -0.344302		0.293787		0.891709		0.452608
 -0.4524     -0.342451		0.295975		0.891698		0.452630
 -0.4491     -0.340585		0.298152		0.891688		0.452651
 -0.4457     -0.338706		0.300317		0.891677		0.452672
 -0.4424     -0.336813		0.302470		0.891666		0.452693
 -0.4391     -0.334906		0.304611		0.891656		0.452714
 -0.4357     -0.332985		0.306740		0.891645		0.452734
 -0.4324     -0.331050		0.308856		0.891635		0.452755
 -0.4290     -0.329102		0.310961		0.891625		0.452775
 -0.4257     -0.327141		0.313052		0.891615		0.452794
 -0.4224     -0.325165		0.315132		0.891605		0.452814
 -0.4190     -0.323177		0.317198		0.891595		0.452833
 -0.4157     -0.321175		0.319252		0.891585		0.452853
 -0.4124     -0.319160		0.321293		0.891576		0.452872
 -0.4090     -0.317132		0.323322		0.891566		0.452891
 -0.4057     -0.315091		0.325337		0.891557		0.452909
 -0.4023     -0.313038		0.327339		0.891547		0.452928
 -0.3990     -0.310971		0.329328		0.891538		0.452946
 -0.3957     -0.308891		0.331304		0.891529		0.452964
 -0.3923     -0.306799		0.333267		0.891520		0.452982
 -0.3890     -0.304694		0.335216		0.891511		0.452999
 -0.3856     -0.302577		0.337152		0.891502		0.453017
 -0.3823     -0.300447		0.339075		0.891493		0.453034
 -0.3790     -0.298305		0.340984		0.891484		0.453051
 -0.3756     -0.296150		0.342879		0.891476		0.453068
 -0.3723     -0.293984		0.344760		0.891467		0.453085
 -0.3689     -0.291805		0.346628		0.891459		0.453102
 -0.3656     -0.289615		0.348481		0.891451		0.453118
 -0.3623     -0.287412		0.350321		0.891442		0.453134
 -0.3589     -0.285198		0.352146		0.891434		0.453150
 -0.3556     -0.282972		0.353958		0.891426		0.453166
 -0.3523     -0.280734		0.355755		0.891418		0.453182
 -0.3489     -0.278485		0.357538		0.891410		0.453197
 -0.3456     -0.276225		0.359306		0.891403		0.453212
 -0.3422     -0.273953		0.361061		0.891395		0.453227
 -0.3389     -0.271670		0.362800		0.891387		0.453242
 -0.3356     -0.269376		0.364525		0.891380		0.453257
 -0.3322     -0.267070		0.366236		0.891372		0.453272
 -0.3289     -0.264754		0.367931		0.891365		0.453286
 -0.3255     -0.262427		0.369612		0.891358		0.453300
 -0.3222     -0.260089		0.371278		0.891351		0.453314
 -0.3189     -0.257741		0.372929		0.891344		0.453328
 -0.3155     -0.255382		0.374565		0.891337		0.453342
 -0.3122     -0.253012		0.376186		0.891330		0.453355
 -0.3088     -0.250632		0.377792		0.891323		0.453369
 -0.3055     -0.248242		0.379383		0.891316		0.453382
 -0.3022     -0.245841		0.380958		0.891310		0.453395
 -0.2988     -0.243431		0.382518		0.891303		0.453408
 -0.2955     -0.241010		0.384063		0.891297		0.453420
 -0.2922     -0.238580		0.385592		0.891290		0.453433
 -0.2888     -0.236140		0.387105		0.891284		0.453445
 -0.2855     -0.233690		0.388603		0.891278		0.453457
 -0.2821     -0.231230		0.390086		0.891272		0.453469
 -0.2788     -0.228762		0.391553		0.891266		0.453481
 -0.2755     -0.226283		0.393004		0.891260		0.453493
 -0.2721     -0.223796		0.394439		0.891254		0.453505
 -0.2688     -0.221299		0.395858		0.891248		0.453516
 -0.2654     -0.218793		0.397261		0.891242		0.453527
 -0.2621     -0.216278		0.398649		0.891237		0.453538
 -0.2588     -0.213755		0.400020		0.891231		0.453549
 -0.2554     -0.211222		0.401375		0.891226		0.453560
 -0.2521     -0.208681		0.402714		0.891220		0.453570
 -0.2487     -0.206131		0.404036		0.891215		0.453581
 -0.2454     -0.203573		0.405343		0.891210		0.453591
 -0.2421     -0.201007		0.406633		0.891205		0.453601
 -0.2387     -0.198432		0.407907		0.891200		0.453611
 -0.2354     -0.195849		0.409164		0.891195		0.453621
 -0.2321     -0.193259		0.410405		0.891190		0.453631
 -0.2287     -0.190660		0.411629		0.891185		0.453640
 -0.2254     -0.188053		0.412836		0.891180		0.453650
 -0.2220     -0.185439		0.414027		0.891175		0.453659
 -0.2187     -0.182817		0.415202		0.891171		0.453668
 -0.2154     -0.180188		0.416359		0.891166		0.453677
 -0.2120     -0.177551		0.417500		0.891162		0.453686
 -0.2087     -0.174907		0.418624		0.891157		0.453694
 -0.2053     -0.172256		0.419731		0.891153		0.453703
 -0.2020     -0.169598		0.420821		0.891149		0.453711
 -0.1987     -0.166932		0.421894		0.891145		0.453719
 -0.1953     -0.164260		0.422950		0.891141		0.453727
 -0.1920     -0.161582		0.423989		0.891137		0.453735
 -0.1886     -0.158896		0.425011		0.891133		0.453743
 -0.1853     -0.156204		0.426016		0.891129		0.453750
 -0.1820     -0.153506		0.427004		0.891125		0.453758
 -0.1786     -0.150801		0.427974		0.891121		0.453765
 -0.1753     -0.148091		0.428927		0.891118		0.453772
 -0.1720     -0.145374		0.429863		0.891114		0.453779
 -0.1686     -0.142651		0.430781		0.891111		0.453786
 -0.1653     -0.139922		0.431682		0.891107		0.453793
 -0.1619     -0.137188		0.432566		0.891104		0.453799
 -0.1586     -0.134448		0.433432		0.891101		0.453806
 -0.1553     -0.131702		0.434281		0.891097		0.453812
 -0.1519     -0.128952		0.435112		0.891094		0.453818
 -0.1486     -0.126195		0.435926		0.891091		0.453824
 -0.1452     -0.123434		0.436722		0.891088		0.453830
 -0.1419     -0.120668		0.437500		0.891085		0.453836
 -0.1386     -0.117896		0.438261		0.891082		0.453841
 -0.1352     -0.115120		0.439004		0.891080		0.453847
 -0.1319     -0.112339		0.439729		0.891077		0.453852
 -0.1285     -0.109554		0.440437		0.891074		0.453857
 -0.1252     -0.106764		0.441127		0.891072		0.453862
 -0.1219     -0.103969		0.441799		0.891069		0.453867
 -0.1185     -0.101171		0.442453		0.891067		0.453872
 -0.1152     -0.098368		0.443089		0.891064		0.453877
 -0.1119     -0.095561		0.443707		0.891062		0.453881
 -0.1085     -0.092751		0.444308		0.891060		0.453886
 -0.1052     -0.089936		0.444890		0.891058		0.453890
 -0.1018     -0.087118		0.445455		0.891056		0.453894
 -0.0985     -0.084296		0.446002		0.891054		0.453898
 -0.0952     -0.081471		0.446530		0.891052		0.453902
 -0.0918     -0.078643		0.447041		0.891050		0.453905
 -0.0885     -0.075811		0.447533		0.891048		0.453909
 -0.0851     -0.072976		0.448008		0.891046		0.453912
 -0.0818     -0.070138		0.448464		0.891045		0.453916
 -0.0785     -0.067297		0.448902		0.891043		0.453919
 -0.0751     -0.064454		0.449323		0.891041		0.453922
 -0.0718     -0.061608		0.449725		0.891040		0.453925
 -0.0684     -0.058759		0.450108		0.891039		0.453928
 -0.0651     -0.055908		0.450474		0.891037		0.453930
 -0.0618     -0.053055		0.450822		0.891036		0.453933
 -0.0584     -0.050199		0.451151		0.891035		0.453935
 -0.0551     -0.047342		0.451462		0.891034		0.453937
 -0.0518     -0.044482		0.451755		0.891033		0.453939
 -0.0484     -0.041621		0.452029		0.891032		0.453941
 -0.0451     -0.038758		0.452286		0.891031		0.453943
 -0.0417     -0.035893		0.452524		0.891030		0.453945
 -0.0384     -0.033027		0.452743		0.891029		0.453946
 -0.0351     -0.030160		0.452945		0.891028		0.453948
 -0.0317     -0.027291		0.453128		0.891028		0.453949
 -0.0284     -0.024422		0.453293		0.891027		0.453950
 -0.0250     -0.021551		0.453440		0.891026		0.453951
 -0.0217     -0.018679		0.453568		0.891026		0.453952
 -0.0184     -0.015807		0.453678		0.891026		0.453953
 -0.0150     -0.012934		0.453769		0.891025		0.453954
 -0.0117     -0.010060		0.453843		0.891025		0.453954
 -0.0083     -0.007186		0.453898		0.891025		0.453955
 -0.0050     -0.004312		0.453934		0.891025		0.453955
 -0.0017     -0.001437		0.453953		0.891025		0.453955
  0.0017     0.001437		0.453953		0.891025		0.453955
  0.0050     0.004312		0.453934		0.891025		0.453955
  0.0083     0.007186		0.453898		0.891025		0.453955
  0.0117     0.010060		0.453843		0.891025		0.453954
  0.0150     0.012934		0.453769		0.891025		0.453954
  0.0184     0.015807		0.453678		0.891026		0.453953
  0.0217     0.018679		0.453568		0.891026		0.453952
  0.0250     0.021551		0.453440		0.891026		0.453951
  0.0284     0.024422		0.453293		0.891027		0.453950
  0.0317     0.027291		0.453128		0.891028		0.453949
  0.0351     0.030160		0.452945		0.891028		0.453948
  0.0384     0.033027		0.452743		0.891029		0.453946
  0.0417     0.035893		0.452524		0.891030		0.453945
  0.0451     0.038758		0.452286		0.891031		0.453943
  0.0484     0.041621		0.452029		0.891032		0.453941
  0.0518     0.044482		0.451755		0.891033		0.453939
  0.0551     0.047342		0.451462		0.891034		0.453937
  0.0584     0.050199		0.451151		0.891035		0.453935
  0.0618     0.053055		0.450822		0.891036		0.453933
  0.0651     0.055908		0.450474		0.891037		0.453930
  0.0684     0.058759		0.450108		0.891039		0.453928
  0.0718     0.061608		0.449725		0.891040		0.453925
  0.0751     0.064454		0.449323		0.891041		0.453922
  0.0785     0.067297		0.448902		0.891043		0.453919
  0.0818     0.070138		0.448464		0.891045		0.453916
  0.0851     0.072976		0.448008		0.891046		0.453912
  0.0885     0.075811		0.447533		0.891048		0.453909
  0.0918     0.078643		0.447041		0.891050		0.453905
  0.0952     0.081471		0.446530		0.891052		0.453902
  0.0985     0.084296		0.446002		0.891054		0.453898
  0.1018     0.087118		0.445455		0.891056		0.453894
  0.1052     0.089936		0.444890		0.891058		0.453890
  0.1085     0.092751		0.444308		0.891060		0.453886
  0.1119     0.095561		0.443707		0.891062		0.453881
  0.1152     0.098368		0.443089		0.891064		0.453877
  0.1185     0.101171		0.442453		0.891067		0.453872
  0.1219     0.103969		0.441799		0.891069		0.453867
  0.1252     0.106764		0.441127		0.891072		0.453862
  0.1285     0.109554		0.440437		0.891074		0.453857
  0.1319     0.112339		0.439729		0.891077		0.453852
  0.1352     0.115120		0.439004		0.891080		0.453847
  0.1386     0.117896		0.438261		0.891082		0.453841
  0.1419     0.120668		0.437500		0.891085		0.453836
  0.1452     0.123434		0.436722		0.891088		0.453830
  0.1486     0.126195		0.435926		0.891091		0.453824
  0.1519     0.128952		0.435112		0.891094		0.453818
  0.1553     0.131702		0.434281		0.891097		0.453812
  0.1586     0.134448		0.433432		0.891101		0.453806
  0.1619     0.137188		0.432566		0.891104		0.453799
  0.1653     0.139922		0.431682		0.891107		0.453793
  0.1686     0.142651		0.430781		0.891111		0.453786
  0.1720     0.145374		0.429863		0.891114		0.453779
  0.1753     0.148091		0.428927		0.891118		0.453772
  0.1786     0.150801		0.427974		0.891121		0.453765
  0.1820     0.153506		0.427004		0.891125		0.453758
  0.1853     0.156204		0.426016		0.891129		0.453750
  0.1886     0.158896		0.425011		0.891133		0.453743
  0.1920     0.161582		0.423989		0.891137		0.453735
  0.1953     0.164260		0.422950		0.891141		0.453727
  0.1987     0.166932		0.421894		0.891145		0.453719
  0.2020     0.169598		0.420821		0.891149		0.453711
  0.2053     0.172256		0.419731		0.891153		0.453703
  0.2087     0.174907		0.418624		0.891157		0.453694
  0.2120     0.177551		0.417500		0.891162		0.453686
  0.2154     0.180188		0.416359		0.891166		0.453677
  0.2187     0.182817		0.415202		0.891171		0.453668
  0.2220     0.185439		0.414027		0.891175		0.453659
  0.2254     0.188053		0.412836		0.891180		0.453650
  0.2287     0.190660		0.411629		0.891185		0.453640
  0.2321     0.193259		0.410405		0.891190		0.453631
  0.2354     0.195849		0.409164		0.891195		0.453621
  0.2387     0.198432		0.407907		0.891200		0.453611
  0.2421     0.201007		0.406633		0.891205		0.453601
  0.2454     0.203573		0.405343		0.891210		0.453591
  0.2487     0.206131		0.404036		0.891215		0.453581
  0.2521     0.208681		0.402714		0.891220		0.453570
  0.2554     0.211222		0.401375		0.891226		0.453560
  0.2588     0.213755		0.400020		0.891231		0.453549
  0.2621     0.216278		0.398649		0.891237		0.453538
  0.2654     0.218793		0.397261		0.891242		0.453527
  0.2688     0.221299		0.395858		0.891248		0.453516
  0.2721     0.223796		0.394439		0.891254		0.453505
  0.2755     0.226283		0.393004		0.891260		0.453493
  0.2788     0.228762		0.391553		0.891266		0.453481
  0.2821     0.231230		0.390086		0.891272		0.453469
  0.2855     0.233690		0.388603		0.891278		0.453457
  0.2888     0.236140		0.387105		0.891284		0.453445
  0.2922     0.238580		0.385592		0.891290		0.453433
  0.2955     0.241010		0.384063		0.891297		0.453420
  0.2988     0.243431		0.382518		0.891303		0.453408
  0.3022     0.245841		0.380958		0.891310		0.453395
  0.3055     0.248242		0.379383		0.891316		0.453382
  0.3088     0.250632		0.377792		0.891323		0.453369
  0.3122     0.253012		0.376186		0.891330		0.453355
  0.3155     0.255382		0.374565		0.891337		0.453342
  0.3189     0.257741		0.372929		0.891344		0.453328
  0.3222     0.260089		0.371278		0.891351		0.453314
  0.3255     0.262427		0.369612		0.891358		0.453300
  0.3289     0.264754		0.367931		0.891365		0.453286
  0.3322     0.267070		0.366236		0.891372		0.453272
  0.3356     0.269376		0.364525		0.891380		0.453257
  0.3389     0.271670		0.362800		0.891387		0.453242
  0.3422     0.273953		0.361061		0.891395		0.453227
  0.3456     0.276225		0.359306		0.891403		0.453212
  0.3489     0.278485		0.357538		0.891410		0.453197
  0.3523     0.280734		0.355755		0.891418		0.453182
  0.3556     0.282972		0.353958		0.891426		0.453166
  0.3589     0.285198		0.352146		0.891434		0.453150
  0.3623     0.287412		0.350321		0.891442		0.453134
  0.3656     0.289615		0.348481		0.891451		0.453118
  0.3689     0.291805		0.346628		0.891459		0.453102
  0.3723     0.293984		0.344760		0.891467		0.453085
  0.3756     0.296150		0.342879		0.891476		0.453068
  0.3790     0.298305		0.340984		0.891484		0.453051
  0.3823     0.300447		0.339075		0.891493		0.453034
  0.3856     0.302577		0.337152		0.891502		0.453017
  0.3890     0.304694		0.335216		0.891511		0.452999
  0.3923     0.306799		0.333267		0.891520		0.452982
  0.3957     0.308891		0.331304		0.891529		0.452964
  0.3990     0.310971		0.329328		0.891538		0.452946
  0.4023     0.313038		0.327339		0.891547		0.452928
  0.4057     0.315091		0.325337		0.891557		0.452909
  0.4090     0.317132		0.323322		0.891566		0.452891
  0.4124     0.319160		0.321293		0.891576		0.452872
  0.4157     0.321175		0.319252		0.891585		0.452853
  0.4190     0.323177		0.317198		0.891595		0.452833
  0.4224     0.325165		0.315132		0.891605		0.452814
  0.4257     0.327141		0.313052		0.891615		0.452794
  0.4290     0.329102		0.310961		0.891625		0.452775
  0.4324     0.331050		0.308856		0.891635		0.452755
  0.4357     0.332985		0.306740		0.891645		0.452734
  0.4391     0.334906		0.304611		0.891656		0.452714
  0.4424     0.336813		0.302470		0.891666		0.452693
  0.4457     0.338706		0.300317		0.891677		0.452672
  0.4491     0.340585		0.298152		0.891688		0.452651
  0.4524     0.342451		0.295975		0.891698		0.452630
  0.4558     0.344302		0.293787		0.891709		0.452608
  0.4591     0.346139		0.291586		0.891720		0.452587
  0.4624     0.347962		0.289374		0.891732		0.452565
  0.4658     0.349771		0.287150		0.891743		0.452543
  0.4691     0.351565		0.284915		0.891754		0.452520
  0.4725     0.353345		0.282669		0.891766		0.452498
  0.4758     0.355110		0.280411		0.891777		0.452475
  0.4791     0.356861		0.278142		0.891789		0.452452
  0.4825     0.358597		0.275863		0.891801		0.452429
  0.4858     0.360318		0.273572		0.891812		0.452405
  0.4891     0.362025		0.271270		0.891824		0.452382
  0.4925     0.363716		0.268958		0.891837		0.452358
  0.4958     0.365393		0.266634		0.891849		0.452334
  0.4992     0.367054		0.264301		0.891861		0.452309
  0.5025     0.368701		0.261956		0.891874		0.452285
  0.5058     0.370332		0.259602		0.891886		0.452260
  0.5092     0.371949		0.257237		0.891899		0.452235
  0.5125     0.373549		0.254861		0.891912		0.452210
  0.5159     0.375135		0.252476		0.891925		0.452184
  0.5192     0.376705		0.250081		0.891938		0.452158
  0.5225     0.378260		0.247676		0.891951		0.452133
  0.5259     0.379799		0.245261		0.891964		0.452106
  0.5292     0.381322		0.242836		0.891977		0.452080
  0.5326     0.382830		0.240402		0.891991		0.452053
  0.5359     0.384322		0.237958		0.892005		0.452026
  0.5392     0.385799		0.235505		0.892018		0.451999
  0.5426     0.387259		0.233043		0.892032		0.451972
  0.5459     0.388703		0.230571		0.892046		0.451944
  0.5492     0.390132		0.228091		0.892060		0.451916
  0.5526     0.391544		0.225601		0.892075		0.451888
  0.5559     0.392941		0.223103		0.892089		0.451860
  0.5593     0.394321		0.220595		0.892104		0.451831
  0.5626     0.395685		0.218079		0.892118		0.451802
  0.5659     0.397033		0.215555		0.892133		0.451773
  0.5693     0.398364		0.213022		0.892148		0.451744
  0.5726     0.399679		0.210481		0.892163		0.451714
  0.5760     0.400978		0.207931		0.892178		0.451684
  0.5793     0.402260		0.205374		0.892193		0.451654
  0.5826     0.403525		0.202808		0.892209		0.451624
  0.5860     0.404774		0.200234		0.892224		0.451593
  0.5893     0.406007		0.197653		0.892240		0.451562
  0.5927     0.407222		0.195064		0.892256		0.451531
  0.5960     0.408421		0.192467		0.892271		0.451499
  0.5993     0.409603		0.189863		0.892288		0.451468
  0.6027     0.410769		0.187252		0.892304		0.451436
  0.6060     0.411917		0.184633		0.892320		0.451403
  0.6093     0.413048		0.182007		0.892336		0.451371
  0.6127     0.414163		0.179374		0.892353		0.451338
  0.6160     0.415260		0.176734		0.892370		0.451305
  0.6194     0.416341		0.174087		0.892387		0.451272
  0.6227     0.417404		0.171434		0.892404		0.451238
  0.6260     0.418450		0.168774		0.892421		0.451204
  0.6294     0.419479		0.166107		0.892438		0.451170
  0.6327     0.420490		0.163435		0.892456		0.451135
  0.6361     0.421485		0.160755		0.892473		0.451101
  0.6394     0.422462		0.158070		0.892491		0.451066
  0.6427     0.423421		0.155379		0.892509		0.451030
  0.6461     0.424364		0.152682		0.892527		0.450995
  0.6494     0.425288		0.149979		0.892545		0.450959
  0.6528     0.426196		0.147270		0.892563		0.450923
  0.6561     0.427085		0.144556		0.892581		0.450886
  0.6594     0.427958		0.141836		0.892600		0.450849
  0.6628     0.428812		0.139111		0.892619		0.450812
  0.6661     0.429649		0.136380		0.892638		0.450775
  0.6694     0.430469		0.133645		0.892657		0.450737
  0.6728     0.431270		0.130905		0.892676		0.450699
  0.6761     0.432054		0.128159		0.892695		0.450661
  0.6795     0.432820		0.125409		0.892715		0.450623
  0.6828     0.433568		0.122654		0.892734		0.450584
  0.6861     0.434299		0.119895		0.892754		0.450545
  0.6895     0.435012		0.117131		0.892774		0.450505
  0.6928     0.435706		0.114363		0.892794		0.450465
  0.6962     0.436383		0.111591		0.892814		0.450425
  0.6995     0.437042		0.108815		0.892834		0.450385
  0.7028     0.437683		0.106035		0.892855		0.450344
  0.7062     0.438306		0.103251		0.892876		0.450303
  0.7095     0.438911		0.100463		0.892897		0.450262
  0.7129     0.439498		0.097671		0.892918		0.450220
  0.7162     0.440067		0.094877		0.892939		0.450178
  0.7195     0.440618		0.092078		0.892960		0.450136
  0.7229     0.441150		0.089277		0.892981		0.450093
  0.7262     0.441665		0.086472		0.893003		0.450050
  0.7295     0.442161		0.083665		0.893025		0.450007
  0.7329     0.442640		0.080854		0.893047		0.449964
  0.7362     0.443100		0.078041		0.893069		0.449920
  0.7396     0.443542		0.075225		0.893091		0.449876
  0.7429     0.443965		0.072407		0.893114		0.449831
  0.7462     0.444371		0.069586		0.893136		0.449786
  0.7496     0.444758		0.066763		0.893159		0.449741
  0.7529     0.445127		0.063938		0.893182		0.449695
  0.7563     0.445477		0.061110		0.893205		0.449649
  0.7596     0.445810		0.058281		0.893228		0.449603
  0.7629     0.446124		0.055450		0.893252		0.449557
  0.7663     0.446419		0.052617		0.893276		0.449510
  0.7696     0.446697		0.049783		0.893299		0.449462
  0.7730     0.446956		0.046947		0.893323		0.449415
  0.7763     0.447197		0.044110		0.893347		0.449367
  0.7796     0.447419		0.041272		0.893372		0.449318
  0.7830     0.447623		0.038433		0.893396		0.449270
  0.7863     0.447809		0.035592		0.893421		0.449221
  0.7896     0.447976		0.032751		0.893446		0.449171
  0.7930     0.448125		0.029909		0.893471		0.449122
  0.7963     0.448255		0.027067		0.893496		0.449072
  0.7997     0.448367		0.024224		0.893521		0.449021
  0.8030     0.448461		0.021381		0.893547		0.448970
  0.8063     0.448536		0.018537		0.893572		0.448919
  0.8097     0.448593		0.015693		0.893598		0.448868
  0.8130     0.448632		0.012850		0.893624		0.448816
  0.8164     0.448652		0.010006		0.893651		0.448763
  0.8197     0.448654		0.007163		0.893677		0.448711
  0.8230     0.448637		0.004320		0.893704		0.448658
  0.8264     0.448602		0.001478		0.893730		0.448604
  0.8297     0.448549		-0.001364		0.893757		0.448551
  0.8331     0.448477		-0.004205		0.893785		0.448497
  0.8364     0.448387		-0.007046		0.893812		0.448442
  0.8397     0.448278		-0.009885		0.893839		0.448387
  0.8431     0.448151		-0.012723		0.893867		0.448332
  0.8464     0.448006		-0.015560		0.893895		0.448276
  0.8497     0.447843		-0.018396		0.893923		0.448220
  0.8531     0.447661		-0.021230		0.893951		0.448164
  0.8564     0.447461		-0.024062		0.893980		0.448107
  0.8598     0.447242		-0.026893		0.894009		0.448050
  0.8631     0.447005		-0.029722		0.894037		0.447992
  0.8664     0.446750		-0.032549		0.894066		0.447934
  0.8698     0.446477		-0.035374		0.894096		0.447876
  0.8731     0.446185		-0.038197		0.894125		0.447817
  0.8765     0.445875		-0.041018		0.894155		0.447758
  0.8798     0.445547		-0.043836		0.894185		0.447698
  0.8831     0.445201		-0.046651		0.894215		0.447639
  0.8865     0.444836		-0.049464		0.894245		0.447578
  0.8898     0.444454		-0.052275		0.894275		0.447517
  0.8932     0.444053		-0.055082		0.894306		0.447456
  0.8965     0.443634		-0.057886		0.894337		0.447395
  0.8998     0.443197		-0.060687		0.894368		0.447333
  0.9032     0.442742		-0.063485		0.894399		0.447270
  0.9065     0.442269		-0.066279		0.894430		0.447207
  0.9098     0.441777		-0.069070		0.894462		0.447144
  0.9132     0.441268		-0.071857		0.894494		0.447080
  0.9165     0.440741		-0.074641		0.894526		0.447016
  0.9199     0.440195		-0.077420		0.894558		0.446952
  0.9232     0.439632		-0.080196		0.894590		0.446887
  0.9265     0.439051		-0.082968		0.894623		0.446822
  0.9299     0.438452		-0.085735		0.894656		0.446756
  0.9332     0.437835		-0.088498		0.894689		0.446690
  0.9366     0.437201		-0.091257		0.894722		0.446623
  0.9399     0.436548		-0.094011		0.894756		0.446556
  0.9432     0.435878		-0.096760		0.894789		0.446488
  0.9466     0.435190		-0.099504		0.894823		0.446421
  0.9499     0.434484		-0.102244		0.894857		0.446352
  0.9533     0.433761		-0.104978		0.894892		0.446283
  0.9566     0.433020		-0.107708		0.894926		0.446214
  0.9599     0.432261		-0.110432		0.894961		0.446144
  0.9633     0.431485		-0.113150		0.894996		0.446074
  0.9666     0.430691		-0.115864		0.895031		0.446004
  0.9699     0.429880		-0.118571		0.895066		0.445933
  0.9733     0.429051		-0.121273		0.895102		0.445861
  0.9766     0.428205		-0.123969		0.895138		0.445789
  0.9800     0.427342		-0.126659		0.895174		0.445717
  0.9833     0.426461		-0.129343		0.895210		0.445644
  0.9866     0.425563		-0.132020		0.895247		0.445571
  0.9900     0.424648		-0.134692		0.895283		0.445497
  0.9933     0.423715		-0.137356		0.895320		0.445423
  0.9967     0.422766		-0.140015		0.895357		0.445348
  1.0000     0.421799		-0.142666		0.895395		0.445273
