-0	0	0	1
-0.00026808	0	0	1
-0.00053835	0	0	1
-0.00081123	0	0	1
-0.0010871	0	0	1
-0.0013665	0	0	1
-0.0016497	0	0	1
-0.0019372	0	0	1
-0.0022295	0	0	1
-0.0025269	0	0	1
-0.0028299	0	0	1
-0.0031389	0	0	1
-0.0034543	0	0	1
-0.0037766	0	0	1
-0.0041062	0	0	1
-0.0044434	0	0	1
-0.0047887	0	0	1
-0.0051425	0	0	1
-0.0055052	0	0	1
-0.0058772	0	0	1
-0.0062588	0	0	1
-0.0066505	0	0	1
-0.0070525	0	0	1
-0.0074652	0	0	1
-0.007889	0	0	1
-0.0083242	0	0	1
-0.008771	0	0	1
-0.0092298	0	0	1
-0.0097009	0	0	1
-0.010185	0	0	1
-0.010681	0	0	1
-0.01119	0	0	1
-0.011713	0	0	1
-0.012249	0	0	1
-0.012799	0	0	1
-0.013362	0	0	1
-0.013939	0	0	1
-0.01453	0	0	1
-0.015135	0	0	1
-0.015755	0	0	1
-0.016388	0	0	1
-0.017036	0	0	1
-0.017697	0	0	1
-0.018373	0	0	1
-0.019063	0	0	1
-0.019767	0	0	1
-0.020485	0	0	1
-0.021216	0	0	1
-0.021961	0	0	1
-0.022719	0	0	1
-0.02349	0	0	1
-0.024274	0	0	1
-0.025071	0	0	1
-0.02588	0	0	1
-0.0267	0	0	1
-0.027532	0	0	1
-0.028375	0	0	1
-0.029229	0	0	1
-0.030093	0	0	1
-0.030966	0	0	1
-0.031848	0	0	1
-0.032739	0	0	1
-0.033637	0	0	1
-0.034543	0	0	1
-0.035455	0	0	1
-0.036372	0	0	1
-0.037295	0	0	1
-0.038222	0	0	1
-0.039152	0	0	1
-0.040085	0	0	1
-0.04102	0	0	1
-0.041955	0	0	1
-0.04289	0	0	1
-0.043824	0	0	1
-0.044756	0	0	1
-0.045684	0	0	1
-0.046608	0	0	1
-0.047527	0	0	1
-0.048438	0	0	1
-0.049343	0	0	1
-0.050238	0	0	1
-0.051123	0	0	1
-0.051996	0	0	1
-0.052857	0	0	1
-0.053704	0	0	1
-0.054535	0	0	1
-0.05535	0	0	1
-0.056146	0	0	1
-0.056922	0	0	1
-0.057678	0	0	1
-0.058411	0	0	1
-0.05912	0	0	1
-0.059803	0	0	1
-0.060459	0	0	1
-0.061087	0	0	1
-0.061684	0	0	1
-0.06225	0	0	1
-0.062782	0	0	1
-0.063279	0	0	1
-0.063739	0	0	1
-0.064161	0	0	1
-0.064542	0	0	1
-0.064882	0	0	1
-0.065179	0	0	1
-0.06543	0	0	1
-0.065634	0	0	1
-0.06579	0	0	1
-0.065895	0	0	1
-0.065948	0	0	1
-0.065947	0	0	1
-0.065891	0	0	1
-0.065777	0	0	1
-0.065604	0	0	1
-0.065371	0	0	1
-0.065074	0	0	1
-0.064714	0	0	1
-0.064287	0	0	1
-0.063792	0	0	1
-0.063228	0	0	1
-0.062593	0	0	1
-0.061885	0	0	1
-0.061102	0	0	1
-0.060242	0	0	1
-0.059305	0	0	1
-0.058288	0	0	1
-0.05719	0	0	1
-0.056009	0	0	1
-0.054743	0	0	1
-0.053392	0	0	1
-0.051953	0	0	1
-0.050424	0	0	1
-0.048806	0	0	1
-0.047095	0	0	1
-0.045291	0	0	1
-0.043391	0	0	1
-0.041396	0	0	1
-0.039303	0	0	1
-0.037111	0	0	1
-0.034819	0	0	1
-0.032425	0	0	1
-0.029929	0	0	1
-0.02733	0	0	1
-0.024625	0	0	1
-0.021814	0	0	1
-0.018897	0	0	1
-0.015872	0	0	1
-0.012737	0	0	1
-0.0094934	0	0	1
-0.0061388	0	0	1
-0.0026729	0	0	1
0.00090504	0	0	1
0.0045958	0	0	1
0.0083999	0	0	1
0.012318	0	0	1
0.016351	0	0	1
0.020498	0	0	1
0.024761	0	0	1
0.02914	0	0	1
0.033634	0	0	1
0.038245	0	0	1
0.042972	0	0	1
0.047816	0	0	1
0.052776	0	0	1
0.057853	0	0	1
0.063046	0	0	1
0.068355	0	0	1
0.073781	0	0	1
0.079322	0	0	1
0.084979	0	0	1
0.090751	0	0	1
0.096637	0	0	1
0.10264	0	0	1
0.10875	0	0	1
0.11498	0	0	1
0.12132	0	0	1
0.12777	0	0	1
0.13433	0	0	1
0.14099	0	0	1
0.14777	0	0	1
0.15466	0	0	1
0.16165	0	0	1
0.16874	0	0	1
0.17594	0	0	1
0.18324	0	0	1
0.19064	0	0	1
0.19814	0	0	1
0.20574	0	0	1
0.21344	0	0	1
0.22123	0	0	1
0.22911	0	0	1
0.23708	0	0	1
0.24514	0	0	1
0.25329	0	0	1
0.26152	0	0	1
0.26983	0	0	1
0.27823	0	0	1
0.2867	0	0	1
0.29525	0	0	1
0.30387	0	0	1
0.31256	0	0	1
0.32133	0	0	1
0.33016	0	0	1
0.33905	0	0	1
0.348	0	0	1
0.35701	0	0	1
0.36608	0	0	1
0.3752	0	0	1
0.38437	0	0	1
0.39358	0	0	1
0.40284	0	0	1
0.41215	0	0	1
0.42149	0	0	1
0.43086	0	0	1
0.44027	0	0	1
0.4497	0	0	1
0.45916	0	0	1
0.46864	0	0	1
0.47815	0	0	1
0.48766	0	0	1
0.49719	0	0	1
0.50673	0	0	1
0.51627	0	0	1
0.52582	0	0	1
0.53536	0	0	1
0.5449	0	0	1
0.55443	0	0	1
0.56395	0	0	1
0.57345	0	0	1
0.58293	0	0	1
0.5924	0	0	1
0.60183	0	0	1
0.61123	0	0	1
0.62061	0	0	1
0.62994	0	0	1
0.63923	0	0	1
0.64848	0	0	1
0.65768	0	0	1
0.66683	0	0	1
0.67592	0	0	1
0.68496	0	0	1
0.69393	0	0	1
0.70284	0	0	1
0.71167	0	0	1
0.72044	0	0	1
0.72912	0	0	1
0.73773	0	0	1
0.74625	0	0	1
0.75468	0	0	1
0.76303	0	0	1
0.77127	0	0	1
0.77943	0	0	1
0.78747	0	0	1
0.79542	0	0	1
0.80326	0	0	1
0.81098	0	0	1
0.81859	0	0	1
0.82608	0	0	1
0.83346	0	0	1
0.8407	0	0	1
0.84782	0	0	1
0.85481	0	0	1
0.86167	0	0	1
0.86839	0	0	1
0.87497	0	0	1
0.88141	0	0	1
0.88771	0	0	1
0.89385	0	0	1
0.89985	0	0	1
0.90569	0	0	1
0.91138	0	0	1
0.91691	0	0	1
0.92228	0	0	1
0.92749	0	0	1
0.93253	0	0	1
0.93741	0	0	1
0.94211	0	0	1
0.94665	0	0	1
0.95101	0	0	1
0.9552	0	0	1
0.9592	0	0	1
0.96303	0	0	1
0.96668	0	0	1
0.97015	0	0	1
0.97343	0	0	1
0.97653	0	0	1
0.97944	0	0	1
0.98216	0	0	1
0.98469	0	0	1
0.98704	0	0	1
0.98919	0	0	1
0.99114	0	0	1
0.99291	0	0	1
0.99448	0	0	1
0.99586	0	0	1
0.99704	0	0	1
0.99802	0	0	1
0.99881	0	0	1
0.9994	0	0	1
0.9998	0	0	1
0.99999	0	0	1
0.99999	0	0	1
0.9998	0	0	1
0.9994	0	0	1
0.99881	0	0	1
0.99802	0	0	1
0.99704	0	0	1
0.99586	0	0	1
0.99448	0	0	1
0.99291	0	0	1
0.99114	0	0	1
0.98919	0	0	1
0.98704	0	0	1
0.98469	0	0	1
0.98216	0	0	1
0.97944	0	0	1
0.97653	0	0	1
0.97343	0	0	1
0.97015	0	0	1
0.96668	0	0	1
0.96303	0	0	1
0.9592	0	0	1
0.9552	0	0	1
0.95101	0	0	1
0.94665	0	0	1
0.94211	0	0	1
0.93741	0	0	1
0.93253	0	0	1
0.92749	0	0	1
0.92228	0	0	1
0.91691	0	0	1
0.91138	0	0	1
0.90569	0	0	1
0.89985	0	0	1
0.89385	0	0	1
0.88771	0	0	1
0.88141	0	0	1
0.87497	0	0	1
0.86839	0	0	1
0.86167	0	0	1
0.85481	0	0	1
0.84782	0	0	1
0.8407	0	0	1
0.83346	0	0	1
0.82608	0	0	1
0.81859	0	0	1
0.81098	0	0	1
0.80326	0	0	1
0.79542	0	0	1
0.78747	0	0	1
0.77943	0	0	1
0.77127	0	0	1
0.76303	0	0	1
0.75468	0	0	1
0.74625	0	0	1
0.73773	0	0	1
0.72912	0	0	1
0.72044	0	0	1
0.71167	0	0	1
0.70284	0	0	1
0.69393	0	0	1
0.68496	0	0	1
0.67592	0	0	1
0.66683	0	0	1
0.65768	0	0	1
0.64848	0	0	1
0.63923	0	0	1
0.62994	0	0	1
0.62061	0	0	1
0.61123	0	0	1
0.60183	0	0	1
0.5924	0	0	1
0.58293	0	0	1
0.57345	0	0	1
0.56395	0	0	1
0.55443	0	0	1
0.5449	0	0	1
0.53536	0	0	1
0.52582	0	0	1
0.51627	0	0	1
0.50673	0	0	1
0.49719	0	0	1
0.48766	0	0	1
0.47815	0	0	1
0.46864	0	0	1
0.45916	0	0	1
0.4497	0	0	1
0.44027	0	0	1
0.43086	0	0	1
0.42149	0	0	1
0.41215	0	0	1
0.40284	0	0	1
0.39358	0	0	1
0.38437	0	0	1
0.3752	0	0	1
0.36608	0	0	1
0.35701	0	0	1
0.348	0	0	1
0.33905	0	0	1
0.33016	0	0	1
0.32133	0	0	1
0.31256	0	0	1
0.30387	0	0	1
0.29525	0	0	1
0.2867	0	0	1
0.27823	0	0	1
0.26983	0	0	1
0.26152	0	0	1
0.25329	0	0	1
0.24514	0	0	1
0.23708	0	0	1
0.22911	0	0	1
0.22123	0	0	1
0.21344	0	0	1
0.20574	0	0	1
0.19814	0	0	1
0.19064	0	0	1
0.18324	0	0	1
0.17594	0	0	1
0.16874	0	0	1
0.16165	0	0	1
0.15466	0	0	1
0.14777	0	0	1
0.14099	0	0	1
0.13433	0	0	1
0.12777	0	0	1
0.12132	0	0	1
0.11498	0	0	1
0.10875	0	0	1
0.10264	0	0	1
0.096637	0	0	1
0.090751	0	0	1
0.084979	0	0	1
0.079322	0	0	1
0.073781	0	0	1
0.068355	0	0	1
0.063046	0	0	1
0.057853	0	0	1
0.052776	0	0	1
0.047816	0	0	1
0.042972	0	0	1
0.038245	0	0	1
0.033634	0	0	1
0.02914	0	0	1
0.024761	0	0	1
0.020498	0	0	1
0.016351	0	0	1
0.012318	0	0	1
0.0083999	0	0	1
0.0045958	0	0	1
0.00090504	0	0	1
-0.0026729	0	0	1
-0.0061388	0	0	1
-0.0094934	0	0	1
-0.012737	0	0	1
-0.015872	0	0	1
-0.018897	0	0	1
-0.021814	0	0	1
-0.024625	0	0	1
-0.02733	0	0	1
-0.029929	0	0	1
-0.032425	0	0	1
-0.034819	0	0	1
-0.037111	0	0	1
-0.039303	0	0	1
-0.041396	0	0	1
-0.043391	0	0	1
-0.045291	0	0	1
-0.047095	0	0	1
-0.048806	0	0	1
-0.050424	0	0	1
-0.051953	0	0	1
-0.053392	0	0	1
-0.054743	0	0	1
-0.056009	0	0	1
-0.05719	0	0	1
-0.058288	0	0	1
-0.059305	0	0	1
-0.060242	0	0	1
-0.061102	0	0	1
-0.061885	0	0	1
-0.062593	0	0	1
-0.063228	0	0	1
-0.063792	0	0	1
-0.064287	0	0	1
-0.064714	0	0	1
-0.065074	0	0	1
-0.065371	0	0	1
-0.065604	0	0	1
-0.065777	0	0	1
-0.065891	0	0	1
-0.065947	0	0	1
-0.065948	0	0	1
-0.065895	0	0	1
-0.06579	0	0	1
-0.065634	0	0	1
-0.06543	0	0	1
-0.065179	0	0	1
-0.064882	0	0	1
-0.064542	0	0	1
-0.064161	0	0	1
-0.063739	0	0	1
-0.063279	0	0	1
-0.062782	0	0	1
-0.06225	0	0	1
-0.061684	0	0	1
-0.061087	0	0	1
-0.060459	0	0	1
-0.059803	0	0	1
-0.05912	0	0	1
-0.058411	0	0	1
-0.057678	0	0	1
-0.056922	0	0	1
-0.056146	0	0	1
-0.05535	0	0	1
-0.054535	0	0	1
-0.053704	0	0	1
-0.052857	0	0	1
-0.051996	0	0	1
-0.051123	0	0	1
-0.050238	0	0	1
-0.049343	0	0	1
-0.048438	0	0	1
-0.047527	0	0	1
-0.046608	0	0	1
-0.045684	0	0	1
-0.044756	0	0	1
-0.043824	0	0	1
-0.04289	0	0	1
-0.041955	0	0	1
-0.04102	0	0	1
-0.040085	0	0	1
-0.039152	0	0	1
-0.038222	0	0	1
-0.037295	0	0	1
-0.036372	0	0	1
-0.035455	0	0	1
-0.034543	0	0	1
-0.033637	0	0	1
-0.032739	0	0	1
-0.031848	0	0	1
-0.030966	0	0	1
-0.030093	0	0	1
-0.029229	0	0	1
-0.028375	0	0	1
-0.027532	0	0	1
-0.0267	0	0	1
-0.02588	0	0	1
-0.025071	0	0	1
-0.024274	0	0	1
-0.02349	0	0	1
-0.022719	0	0	1
-0.021961	0	0	1
-0.021216	0	0	1
-0.020485	0	0	1
-0.019767	0	0	1
-0.019063	0	0	1
-0.018373	0	0	1
-0.017697	0	0	1
-0.017036	0	0	1
-0.016388	0	0	1
-0.015755	0	0	1
-0.015135	0	0	1
-0.01453	0	0	1
-0.013939	0	0	1
-0.013362	0	0	1
-0.012799	0	0	1
-0.012249	0	0	1
-0.011713	0	0	1
-0.01119	0	0	1
-0.010681	0	0	1
-0.010185	0	0	1
-0.0097009	0	0	1
-0.0092298	0	0	1
-0.008771	0	0	1
-0.0083242	0	0	1
-0.007889	0	0	1
-0.0074652	0	0	1
-0.0070525	0	0	1
-0.0066505	0	0	1
-0.0062588	0	0	1
-0.0058772	0	0	1
-0.0055052	0	0	1
-0.0051425	0	0	1
-0.0047887	0	0	1
-0.0044434	0	0	1
-0.0041062	0	0	1
-0.0037766	0	0	1
-0.0034543	0	0	1
-0.0031389	0	0	1
-0.0028299	0	0	1
-0.0025269	0	0	1
-0.0022295	0	0	1
-0.0019372	0	0	1
-0.0016497	0	0	1
-0.0013665	0	0	1
-0.0010871	0	0	1
-0.00081123	0	0	1
-0.00053835	0	0	1
-0.00026808	0	0	1
-0	0	0	1
